100
2 1
500 300
900
660
2 1
500 300
1500
809
2 2
50 100
450 449
1100 1101
2 1
500 300
300
500
1 8
10
11 13 17 11 16 14 12 18
1 5
2
8 12 12 13 22
2 8
445256 77855
279315 597611 797339 853033 479145 700715 995279 618000
746820 826245 745284 493330 944214 956124 809737 597984
1 2
9
1695 1868
1 6
5
5 40 32 30 9 55
1 8
1
220 214 193 208 204 211 200 220
2 8
265792 40559
778155 824149 889858 890084 879154 956288 708907 611343
734217 868680 865195 199371 442558 873864 280413 831504
2 4
8 7
19968 18121 21657 20036
17665 18660 15749 17472
1 1
8
18650
1 5
235412
821398 999864 877680 675724 890597
2 8
2 5
4046 2713 440 189 1284 2200 1980 3059
6654 5500 900 10395 477 3204 6050 7652
1 5
3
810 4439 6834 7561 3000
1 5
4
388 880 2151 1600 1243
1 5
2943
266236 920208 989728 810148 387266
2 3
2 2
640 400 194
400 198 615
2 8
103210 42335
932329 330784 803068 704885 760973 247477 879364 313785
916632 479065 963578 927002 421429 960546 977929 951969
1 3
10
2180 900 3000
2 2
9 10
81 72
80 110
1 3
5
42 35 39
2 4
59265 5136
999350 586394 860012 299394
645015 859948 884086 829792
1 3
1000000
900000 899999 900001
2 5
7 6
14630 13272 12279 14381 13542
11649 11376 10260 11099 11681
1 3
8
9303 10560 9861
2 5
2 5
2 15 16 6 18
44 55 14 40 5
2 8
9 7
16819 16200 18340 18018 19899 16791 19062 19338
12663 14014 13653 13954 14719 15400 13674 13262
2 8
1 1
1000000 999999 999998 999997 999996 999995 999994 999993
999992 999991 999990 999989 999988 999987 999986 999985
1 6
5
1609 500 1907 900 3000 2497
2 6
1 3
1 9 7 6 3 4
18 33 9 3 12 22
2 3
2 2
4297 4840 4796
3960 4734 4438
2 8
9 9
3716 6930 2643 5400 4777 1620 6679 900
3816 2598 5400 4586 1980 900 5670 6715
1 7
3
3838 4522 4061 3780 4092 4212 3780
2 8
4 7
7200 6843 8000 5280 8280 4355 8082 850
14036 17710 7439 12063 1475 7560 12600 14000
2 3
5 9
11628 13750 12500
20250 22365 22500
2 6
2 3
8 18 11 9 2 2
33 3 14 17 3 13
1 2
8
18347 18416
1 6
9
5484 5226 5429 5940 5645 5400
2 6
3 10
6661 6015 7162 7260 6600 6421
22000 19800 23786 24017 22578 21778
1 4
7
17150 17810 15813 17507
2 2
9 8
1772 10082
9508 1563
1 2
2
900 200
1 7
9
906 6300 3658 1800 5773 2430 4168
1 1
10
3692
2 2
5 3
2010 1900
1206 1088
2 8
3 2
2085 2295 1979 2018 2237 2310 1988 2196
1260 1512 1416 1328 1388 1390 1494 1425
2 1
6 8
24
32
2 8
370368 86666
782759 877432 978015 995327 634709 574524 799582 988597
426437 806213 538674 610092 203395 302383 989749 948127
1 2
3
3 33
2 8
114452 69464
711497 996089 582878 997847 343855 959818 659018 817042
856843 953750 858899 405273 944593 954959 522608 183682
2 7
8 5
19114 20084 20573 19693 20000 18970 22000
13549 13340 12200 12500 11250 13421 12439
1 4
4
4 44 4 4
1 8
5
3405 4000 1500 982 515 2368 1800 3032
1 8
10
3 2 5 8 7 1 6 4
2 8
3 3
9 33 9 9 23 15 33 18
27 9 15 18 23 9 27 9
1 2
9
4050 4136
2 5
6 9
535 630 660 615 636
1002 779 810 962 945
2 3
320549 7759
384454 975154 845763
861967 608865 759273
2 4
13547 532949
574143 671815 836815 991644
208470 643740 652845 733287
2 3
2 1
4504 400 3780
2310 2271 200
2 3
8 3
17600 18351 16494
6905 6600 6048
2 3
8 6
15533 10806 1708
12566 1218 8547
2 6
7 4
16625 16100 3570 17647 10010 14641
1896 8682 10536 9200 8988 4680
2 8
5 7
7697 7004 7500 6762 7031 7709 6750 6909
11139 10539 10500 9498 10141 10578 11550 9837
2 2
6 10
2962 7800
13000 4757
1 8
6
12960 15785 14400 14190 15169 13786 12960 13604
1 6
7
7 7 7 7 7 77
2 5
6 1
7610 7800 10253 5940 7990
810 1300 1262 1271 1769
2 8
3 7
6533 7001 6502 7920 7200 7353 7200 7753
18277 16800 17439 15120 16800 15268 16299 17234
2 5
1 5
311 100 500 184 440
1528 494 2500 1021 1800
2 6
1 8
2047 1544 800 990 630 1213
17308 6160 12278 9680 9818 6400
2 8
8 7
8000 8707 8000 8192 7200 7606 7200 7902
7679 7548 6409 7000 7700 7000 7700 7123
2 6
7 2
42 77 13 45 51 14
4 14 12 18 14 4
2 2
1 8
797 791
6952 6376
2 8
10 6
4683 15222 984 5466 24000 22500 5415 12000
14400 608 9067 3481 16500 2702 7200 3111
2 1
3 10
2307
7116
2 4
9 6
1000 990 855 857
570 580 540 690
2 6
9 10
9 9 9 9 99 9
10 9 9 11 10 90
2 4
10 7
80 20 10 63
7 42 15 56
2 2
6 7
6 48
61 7
1 6
6
15840 14109 14400 15635 14400 13561
2 8
8 10
4335 1600 2168 4320 880 5600 3079 5828
2000 7817 7000 2843 3864 6600 5016 900
2 8
8 4
88 8 8 8 8 72 8 8
4 44 4 36 4 4 4 4
1 7
7
630 2023 2751 3500 1465 4620 5099
2 3
184228 22342
771791 961279 646221
948703 534575 927127
2 8
10 8
7200 2000 7000 6544 2998 4265 1038 4500
819 6393 5600 4400 5189 1600 3476 2315
1 3
160656
976792 960396 660973
2 8
1 9
3 11 8 5 8 9 7 5
81 99 46 65 27 72 74 45
1 3
9
81 18 68
2 1
10 8
1064
747
1 1
154926
941002
1 8
25109
376904 997388 991622 513014 747234 982811 272593 839592
1 8
8
7019 3303 800 4800 3600 1568 2619 5131
2 3
10 7
2195 1000 3015
700 1520 2270
2 8
511885 704440
645339 792181 700104 780552 597443 851031 774728 982004
664800 929567 921582 504825 852131 954575 983325 759809
1 5
7
8400 16170 5347 7945 4520
2 8
5 8
5 5 5 5 5 5 55 5
8 8 8 8 8 8 8 72
2 1
666557 551460
910057
807384
