50
3
1 2 3
2 3 5
3 5 6
2 3 4
1 2 3
2
1 4
1 3
3 7
9
23 27 29 32 37 38 42 46 50
17 26 31 32 36 38 41 42 46
2 3 6 10 14 17 18 20 23
18 28 35 36 39 42 45 49 50
5 8 9 12 16 18 19 22 27
16 23 27 31 32 35 37 39 42
13 20 22 26 27 31 32 37 38
2 5 7 9 11 13 16 17 18
9 13 14 17 21 23 30 31 32
20 22 27 31 35 37 39 42 49
6 9 12 14 18 22 27 31 35
14 16 17 21 26 27 32 36 39
7 9 12 13 17 22 26 27 29
3 8 9 13 17 20 23 26 28
11 17 18 22 26 27 31 35 37
18 19 26 30 31 32 37 41 45
10 12 13 17 22 26 31 32 36
10
7 30 59 79 82 86 113 131 142 167
118 122 164 180 184 225 248 263 306 320
6 29 49 53 62 78 89 102 115 117
32 37 76 86 96 111 115 152 156 168
60 72 97 112 144 168 180 192 202 220
94 117 158 162 176 210 238 258 281 300
29 30 37 62 72 85 108 117 122 138
67 85 121 127 161 192 197 204 209 237
117 167 168 181 220 237 262 300 320 337
49 59 76 87 97 121 141 158 164 180
86 108 141 158 170 209 228 231 233 262
137 138 180 187 203 248 263 276 319 337
102 131 152 153 192 204 231 258 263 276
53 79 86 92 112 127 158 162 180 187
115 142 156 169 202 209 233 281 306 319
44 62 87 92 121 133 140 153 169 181
78 86 111 133 168 192 209 210 225 248
89 113 115 140 180 197 228 238 248 263
6 7 32 44 60 67 86 94 118 137
10
15 19 24 29 33 37 41 43 47 49
12 17 20 25 28 32 38 42 45 47
10 16 19 21 22 25 28 32 37 41
15 20 22 27 31 33 35 42 43 46
18 22 25 29 34 37 38 45 47 49
11 14 19 24 26 28 34 35 38 43
1 2 3 5 9 10 12 15 18 21
3 7 9 12 13 16 19 20 24 26
9 13 14 16 21 24 26 28 33 36
9 12 16 21 24 25 31 33 37 40
5 11 13 15 18 21 24 25 29 33
2 5 6 8 11 12 14 17 19 22
4 5 7 11 13 16 17 20 22 24
6 8 12 15 16 21 25 27 29 30
19 22 26 33 36 41 42 46 49 51
8 11 13 18 21 22 29 31 34 35
21 24 28 30 35 40 43 47 49 51
5 6 9 13 14 19 21 22 25 28
12 17 21 25 29 31 34 38 41 42
8
9 11 13 15 17 19 21 23
11 14 17 18 20 23 25 27
10 12 15 16 17 21 22 25
2 4 6 7 8 11 13 14
1 2 3 5 7 9 10 12
5 7 8 9 13 14 16 18
2 4 6 7 9 11 12 14
7 8 10 11 15 16 17 20
6 7 8 9 11 15 16 18
3 6 7 8 11 13 15 17
4 6 7 8 10 13 14 15
1 2 4 6 8 9 10 11
8 9 11 13 15 17 18 20
12 14 15 18 20 23 25 27
10 13 14 16 18 21 22 25
7
15 18 20 24 27 31 34
6 9 10 11 13 14 18
10 17 20 22 24 25 27
3 5 6 7 10 12 15
10 13 18 21 24 28 31
6 10 14 17 20 22 25
13 20 22 25 28 30 31
5 9 12 14 17 20 23
7 11 16 20 22 25 28
7 12 14 16 18 19 20
3 6 7 9 10 13 16
16 23 25 28 31 33 34
12 14 19 22 25 30 33
2
6 8
4 8
2 6
7
2 4 7 8 10 12 14
6 8 11 13 15 16 17
11 14 16 19 20 22 24
10 13 16 17 19 20 24
1 3 5 6 7 9 11
3 5 9 11 13 15 16
1 2 3 5 7 9 10
7 8 13 15 16 18 20
5 6 11 13 14 17 19
7 10 13 14 16 18 19
5 7 9 11 13 14 16
3 4 5 6 8 11 13
9 12 15 17 18 19 20
2
2 22
22 222
2 22
4
1 3 4 6
6 9 11 12
3 5 6 8
3 5 7 9
4 6 8 11
1 3 5 6
6 8 9 12
3
6 8 11
2 6 9
6 8 15
11 15 19
2 6 11
2
6 8
2 6
2 4
5
4 5 9 12 16
4 8 10 13 17
12 16 20 23 27
5 12 14 18 20
16 18 24 28 32
13 18 19 23 28
9 14 15 19 21
8 12 14 16 18
17 20 21 27 32
4
4 5 6 7
2 3 4 5
4 5 6 7
3 4 5 6
2 3 4 5
1 2 3 4
3 4 5 6
7
11 12 16 18 24 26 29
7 8 12 15 19 22 25
14 16 18 21 22 24 31
17 19 20 22 31 32 34
14 15 17 21 28 31 33
3 7 11 14 17 20 22
17 21 24 28 31 33 36
22 27 29 33 34 39 42
3 7 11 14 17 19 22
11 12 16 17 20 23 28
7 8 12 16 21 25 27
20 25 26 31 32 35 39
19 22 23 24 33 35 39
4
8 9 11 16
5 10 11 18
2 4 5 8
8 14 16 21
2 4 8 11
4 6 10 14
11 14 18 21
3
2 8 12
5 8 9
7 12 14
5 9 14
1 5 7
7
3 4 5 6 7 8 9
1 2 3 4 5 6 7
4 5 6 7 8 9 10
6 7 8 9 10 11 12
3 4 5 6 7 8 9
4 5 6 7 8 9 10
1 2 3 4 5 6 7
5 6 7 8 9 10 11
7 8 9 10 11 12 13
7 8 9 10 11 12 13
2 3 4 5 6 7 8
2 3 4 5 6 7 8
5 6 7 8 9 10 11
3
10 13 18
11 14 18
4 8 11
8 12 13
4 6 10
7
17 31 41 77 89 109 119
53 73 93 108 151 165 184
95 119 149 173 184 203 220
63 84 100 130 170 171 203
39 41 68 70 93 100 102
58 77 80 97 108 130 133
15 21 39 58 75 91 95
65 94 102 133 185 203 220
91 109 133 148 165 171 203
15 17 38 45 53 63 65
21 31 52 68 73 84 94
45 68 70 97 131 148 173
38 52 68 80 114 133 149
2
2 22
22 222
22 222
4
8 11 13 14
3 5 7 8
5 6 9 12
8 12 13 14
3 4 5 8
7 9 12 13
4 6 9 11
4
1 2 7 12
1 3 6 8
12 13 17 19
2 5 7 13
6 7 11 17
7 9 11 16
8 13 16 19
3
1 2 3
1 2 3
3 4 5
2 3 4
2 3 4
6
5 9 13 15 16 20
14 15 21 23 28 31
6 13 16 20 21 25
13 14 20 21 24 28
12 20 21 28 31 34
2 5 9 13 14 16
16 19 25 28 31 34
5 9 13 14 15 19
9 13 16 17 19 21
2 5 6 7 9 12
7 15 17 21 23 28
7
18 22 24 26 27 31 35
8 10 13 17 22 23 26
4 8 9 12 14 17 19
4 7 10 14 18 21 25
25 26 30 31 35 39 43
19 21 25 29 35 37 43
17 20 21 23 31 34 39
10 13 15 16 20 21 25
9 12 15 18 24 25 30
14 19 20 22 27 28 35
21 23 25 27 28 34 37
14 17 18 19 22 23 29
7 10 12 15 19 20 21
10
1 2 3 4 5 6 7 8 9 10
51 52 53 54 55 56 57 58 59 60
3 13 23 33 43 53 63 73 83 93
61 62 63 64 65 66 67 68 69 70
41 42 43 44 45 46 47 48 49 50
7 17 27 37 47 57 67 77 87 97
5 15 25 35 45 55 65 75 85 95
8 18 28 38 48 58 68 78 88 98
1 11 21 31 41 51 61 71 81 91
71 72 73 74 75 76 77 78 79 80
4 14 24 34 44 54 64 74 84 94
31 32 33 34 35 36 37 38 39 40
81 82 83 84 85 86 87 88 89 90
91 92 93 94 95 96 97 98 99 100
9 19 29 39 49 59 69 79 89 99
11 12 13 14 15 16 17 18 19 20
2 12 22 32 42 52 62 72 82 92
10 20 30 40 50 60 70 80 90 100
6 16 26 36 46 56 66 76 86 96
10
1 2 3 4 5 6 7 8 9 10
9 10 11 12 13 14 15 16 17 18
7 8 9 10 11 12 13 14 15 16
5 6 7 8 9 10 11 12 13 14
3 4 5 6 7 8 9 10 11 12
6 7 8 9 10 11 12 13 14 15
10 11 12 13 14 15 16 17 18 19
8 9 10 11 12 13 14 15 16 17
7 8 9 10 11 12 13 14 15 16
1 2 3 4 5 6 7 8 9 10
4 5 6 7 8 9 10 11 12 13
4 5 6 7 8 9 10 11 12 13
10 11 12 13 14 15 16 17 18 19
9 10 11 12 13 14 15 16 17 18
6 7 8 9 10 11 12 13 14 15
2 3 4 5 6 7 8 9 10 11
2 3 4 5 6 7 8 9 10 11
8 9 10 11 12 13 14 15 16 17
5 6 7 8 9 10 11 12 13 14
10
3 5 7 9 10 12 14 15 17 20
16 18 20 22 23 24 26 28 30 31
5 6 9 11 13 14 15 16 19 22
10 11 14 16 18 20 22 23 24 26
9 11 12 14 16 18 20 22 24 25
1 2 3 5 7 8 10 12 13 14
2 3 6 7 9 11 12 13 16 18
2 3 5 6 8 9 11 14 15 17
12 13 15 16 19 21 23 24 27 29
10 12 14 15 17 20 22 23 25 27
13 15 18 19 21 24 25 27 28 30
12 14 16 18 20 22 23 24 25 28
14 17 20 22 24 25 27 29 30 31
4 6 7 9 11 12 14 16 18 20
7 9 10 13 14 15 18 20 21 24
8 9 12 14 15 18 20 21 23 24
5 7 9 11 12 14 16 18 19 22
1 2 4 5 7 9 10 12 14 16
7 8 11 12 14 16 17 19 20 23
2
2 4
6 8
4 8
10
8 16 23 29 34 38 41 43 44 61
6 14 21 27 32 36 37 38 39 57
2 10 11 12 13 14 15 16 17 48
4 12 19 25 26 27 28 29 30 53
4 12 19 25 26 27 28 29 30 52
9 17 24 30 35 39 42 44 45 63
1 2 3 4 5 6 7 8 9 47
5 13 20 26 31 32 33 34 35 54
3 11 18 19 20 21 22 23 24 51
2 10 11 12 13 14 15 16 17 49
9 17 24 30 35 39 42 44 45 62
7 15 22 28 33 37 40 41 42 59
7 15 22 28 33 37 40 41 42 58
3 11 18 19 20 21 22 23 24 50
1 2 3 4 5 6 7 8 9 46
5 13 20 26 31 32 33 34 35 55
6 14 21 27 32 36 37 38 39 56
47 49 50 53 55 57 58 60 63 64
8 16 23 29 34 38 41 43 44 60
5
5 7 10 13 15
12 15 18 20 24
3 5 6 9 12
3 6 7 8 11
7 10 12 15 18
8 13 15 18 20
11 15 16 21 24
6 10 12 15 16
9 11 15 18 21
4
5 6 7 8
1 5 9 13
9 10 11 12
3 7 11 15
1 2 3 4
4 8 12 16
2 6 10 14
7
3 8 12 13 14 15 27
2 7 8 9 10 11 25
2 7 8 9 10 11 24
6 11 15 18 20 21 32
6 11 15 18 20 21 33
23 24 27 29 30 33 34
3 8 12 13 14 15 26
4 9 13 16 17 18 29
1 2 3 4 5 6 22
4 9 13 16 17 18 28
1 2 3 4 5 6 23
22 25 26 28 31 32 34
5 10 14 17 19 20 30
10
7 9 12 19 23 27 29 31 33 35
2 3 5 9 13 16 17 20 22 25
22 24 33 35 38 47 51 55 59 60
4 8 11 15 16 17 20 23 24 26
11 15 18 21 27 30 32 33 35 37
25 26 35 37 41 51 53 57 61 62
2 4 7 11 13 15 17 18 22 24
24 28 31 37 44 48 54 55 60 62
22 27 29 36 41 45 51 52 59 61
17 24 27 32 38 41 43 47 51 53
13 18 19 25 30 31 34 37 38 41
18 26 28 35 39 42 47 50 55 57
3 8 9 15 18 20 24 26 27 28
20 23 31 33 37 45 47 50 52 55
9 15 19 21 25 29 32 35 36 37
16 17 27 30 31 37 41 42 45 48
15 20 23 29 34 37 41 45 47 51
17 20 29 32 34 41 43 47 51 54
5 11 12 18 19 23 27 28 29 31
3
1 2 3
1 2 3
3 4 5
2 3 4
3 4 5
9
2 5 7 10 11 12 15 18 19
4 8 10 13 15 17 20 21 25
14 16 22 23 25 29 33 37 38
2 3 4 6 9 11 13 14 15
15 17 23 26 28 32 35 40 41
12 16 17 18 22 25 26 29 32
9 11 15 18 20 22 24 26 28
6 10 12 15 16 18 21 23 27
11 13 15 16 20 22 24 25 28
13 15 19 20 24 26 30 34 37
18 20 21 23 26 31 34 37 40
19 23 25 27 28 33 37 38 41
10 11 13 15 18 19 20 23 26
7 8 10 12 15 16 19 22 23
11 14 16 19 22 25 28 31 33
15 17 20 21 24 28 30 33 35
3 7 8 11 13 16 17 20 23
4
11 29 40 62
11 32 47 59
59 89 118 130
40 65 102 118
29 56 77 89
32 56 65 82
62 82 111 130
4
1 2 3 8
2 4 5 9
3 5 6 12
2 4 5 10
3 5 6 11
1 2 3 7
7 9 11 13
9
18 19 23 27 30 35 37 43 48
27 28 30 31 40 41 45 49 50
38 43 47 51 54 57 62 67 71
30 35 38 43 47 49 55 59 67
34 38 41 48 49 50 57 60 71
33 39 43 46 47 50 53 59 60
4 6 9 14 19 23 25 30 34
6 14 16 19 24 28 35 39 43
4 9 14 18 22 27 32 33 38
22 24 28 30 35 37 39 47 49
14 18 24 27 30 31 37 46 51
14 16 20 24 28 30 34 38 41
32 35 36 37 43 47 50 55 57
23 27 30 35 37 41 47 50 57
9 14 16 18 22 27 32 35 38
25 32 34 37 39 45 50 53 62
9 16 20 23 28 30 36 43 47
7
9 12 14 18 20 22 24
10 14 15 20 21 23 25
7 11 13 16 17 20 21
3 6 8 10 11 12 14
10 13 15 19 20 24 25
7 10 11 14 16 17 19
4 6 8 10 11 12 13
2 4 5 7 8 9 10
6 10 12 14 16 18 20
5 8 9 12 13 14 15
2 3 5 6 7 8 10
8 12 14 17 18 22 23
8 11 12 16 17 18 20
7
3 10 17 24 31 38 45
8 9 10 11 12 13 14
36 37 38 39 40 41 42
7 14 21 28 35 42 49
1 8 15 22 29 36 43
15 16 17 18 19 20 21
2 9 16 23 30 37 44
22 23 24 25 26 27 28
43 44 45 46 47 48 49
6 13 20 27 34 41 48
1 2 3 4 5 6 7
5 12 19 26 33 40 47
29 30 31 32 33 34 35
5
1 6 10 15 17
6 9 13 20 25
10 13 18 21 23
8 12 21 27 32
6 9 11 12 15
11 15 23 31 36
7 11 18 24 26
1 6 7 8 11
17 25 26 32 36
10
19 21 23 28 33 36 39 41 42 45
6 7 8 12 14 16 17 21 22 25
7 8 15 18 20 23 24 25 28 29
22 24 25 30 32 33 35 41 44 45
24 26 28 32 35 36 37 42 47 50
3 6 9 12 14 17 19 22 24 26
3 6 7 9 10 13 16 19 21 22
14 17 20 23 25 27 30 33 34 35
21 22 24 31 34 39 41 44 47 49
13 16 18 24 27 28 32 33 36 37
17 18 23 24 27 28 31 36 39 40
9 12 16 20 23 24 27 30 32 33
9 12 15 16 17 18 21 23 24 26
12 13 18 20 22 24 27 28 31 32
6 7 12 13 17 18 22 24 26 28
26 28 29 33 36 37 40 45 49 52
10 14 17 22 25 27 29 32 35 36
19 22 24 27 29 32 34 39 41 43
22 25 26 32 35 40 43 45 50 52
3
3 4 5
1 2 3
2 3 4
2 3 4
3 4 5
10
4 7 10 11 12 14 16 19 21 24
6 7 10 12 13 16 19 20 22 25
7 12 14 18 21 24 25 27 29 32
8 11 16 18 20 22 25 26 28 31
10 13 16 20 23 26 27 29 31 33
3 6 7 8 11 13 15 16 18 20
15 16 23 25 27 30 34 36 38 40
17 22 23 28 33 37 38 40 43 46
16 19 25 27 29 33 35 37 40 41
14 19 21 25 29 31 34 35 37 40
19 25 26 31 35 39 40 41 46 48
7 10 13 14 16 19 21 22 23 26
18 21 26 29 31 34 37 40 43 46
15 20 22 26 31 34 36 37 40 41
11 12 18 21 23 26 29 31 33 35
3 4 5 7 10 12 14 15 17 19
12 16 19 22 26 27 30 33 34 37
20 24 29 32 33 37 40 41 46 48
5 10 13 16 18 20 23 25 26 29
2
4 8
2 6
2 4
7
10 15 20 22 26 27 31
23 27 35 39 42 48 54
5 9 11 16 19 23 26
18 26 28 33 37 42 46
16 21 24 28 34 39 43
11 20 23 24 28 36 41
16 22 26 28 33 41 45
5 10 12 16 18 23 26
12 16 23 26 31 35 38
19 26 31 34 37 46 51
23 31 36 41 46 48 49
26 31 38 43 46 49 58
26 35 41 45 51 54 58
2
2 3
3 9
6 9
